"subject"	"activity"	"tbodyaccjerkmeanx"	"tbodyaccjerkmeany"	"tbodyaccjerkmeanz"	"tbodyaccjerkstdx"	"tbodyaccjerkstdy"	"tbodyaccjerkstdz"	"tbodyaccjerkmagmean"	"tbodyaccjerkmagstd"	"fbodyaccjerkmeanx"	"fbodyaccjerkmeany"	"fbodyaccjerkmeanz"	"fbodyaccjerkstdx"	"fbodyaccjerkstdy"	"fbodyaccjerkstdz"	"fbodyaccjerkmeanfreqx"	"fbodyaccjerkmeanfreqy"	"fbodyaccjerkmeanfreqz"	"fbodybodyaccjerkmagmean"	"fbodybodyaccjerkmagstd"	"fbodybodyaccjerkmagmeanfreq"	"angletbodyaccjerkmeangravitymean"
1	"LAYING"	0.0792076921639344	0.0152010497980328	-0.00318962539237705	-0.987983095573771	-0.98491855442623	-0.987573193278689	-0.988180212131147	-0.987704365901639	-0.988091066557377	-0.984855225901639	-0.985510000327869	-0.98896331704918	-0.986199676557377	-0.988231329180328	0.0610818165540984	-0.0325509023936066	0.0677926570147541	-0.987348043442623	-0.987060763114754	0.353773013137705	0.0320520223245902
1	"SITTING"	0.07574939575	0.00915676220903846	-0.00611080135557692	-0.993882550961538	-0.986968700192308	-0.988951638461538	-0.991320705769231	-0.990890696346154	-0.993962126730769	-0.986716618269231	-0.986997350576923	-0.994341503846154	-0.988278143076923	-0.989518159038462	0.227014118996154	0.0504831175519231	0.0693338327596154	-0.990243476730769	-0.990598818653846	0.369829281711538	0.00678066561538462
1	"STANDING"	0.0748302113647059	0.0125102284291647	-0.000843189326705882	-0.990555938588235	-0.982191073176471	-0.988801296352941	-0.989323853411765	-0.986871386470588	-0.990572315411765	-0.981895637529412	-0.986831266235294	-0.991422022352941	-0.983960537529412	-0.989368644235294	0.234069951330588	0.00128134884741177	-0.00453746357764706	-0.986724676352941	-0.985875363058824	0.346694051858824	0.0162633808917647
1	"WALKING"	0.0770223771764706	0.00968444678235294	0.00360803282352941	-0.396223738431373	-0.425563858627451	-0.44025821745098	-0.363144483529412	-0.403386563921569	-0.44140618254902	-0.454270822156863	-0.422332394117647	-0.402884115098039	-0.433612657843137	-0.45663628254902	-0.330912145882353	-0.396511933696078	-0.453928997882353	-0.378278490588235	-0.441447754509804	0.0921999142870588	0.0100011474509804
1	"WALKING_DOWNSTAIRS"	0.0907857064255319	-0.0148114530276596	-0.029312256293617	-0.101186926595745	-0.261684752425532	-0.303381582831915	-0.165908810808511	-0.0783498875595745	-0.155444882765957	-0.289957855489362	-0.241974080021277	-0.125682818093191	-0.281507406948936	-0.36402669587234	-0.368978400468085	-0.417064208808511	-0.376637686702128	-0.0745659082223404	-0.0919623368021277	-0.0148414437446808	-0.0449862704468085
1	"WALKING_UPSTAIRS"	0.0762526677	0.0173729333352941	0.0380533591627451	-0.521089140196078	-0.425625937254902	-0.593411129607843	-0.48321905	-0.493067129607843	-0.546088862941176	-0.468605205294118	-0.565220840588235	-0.538073090196078	-0.417127012352941	-0.620123586470588	-0.332237727509804	-0.535799234509804	-0.519560112156863	-0.475597717843137	-0.51993124	0.0673443714078431	0.0808783829
2	"LAYING"	0.0810865342	0.0038382040088	0.010834236361	-0.958482112	-0.9241492736	-0.9548551108	-0.9543962646	-0.9282456284	-0.9570738838	-0.9224626098	-0.9480609042	-0.9641607086	-0.9322178704	-0.9605869872	0.132419092398	0.024513618956	0.02438794528	-0.9333003608	-0.9218039756	0.26639115416	0.00306040735
2	"SITTING"	0.0774825199574468	-0.000619102785106384	-0.00336779235021277	-0.986430711276596	-0.981371965319149	-0.987910804468085	-0.987364195531915	-0.984120024042553	-0.986597022553191	-0.981579467021277	-0.986053092340425	-0.987492994468085	-0.982513909574468	-0.988339184893617	0.256610823568085	0.0475437839595745	0.0923920032553192	-0.985262126808511	-0.981606177446808	0.351852201957447	0.0297097878297872
2	"STANDING"	0.0753766542264151	0.00797573092830189	-0.00368524954709434	-0.994604542264151	-0.98564873245283	-0.992251177358491	-0.992367790566038	-0.993096209433962	-0.994630797358491	-0.985418704528302	-0.990752166037736	-0.995073759245283	-0.987018226792453	-0.992349818113208	0.314182940150943	0.0391618954943396	0.138581478749057	-0.99254247754717	-0.992536003396226	0.422220102264151	0.021963782690566
2	"WALKING"	0.0740416333157895	0.0282721095884211	-0.00416840617789474	-0.113615602435789	0.0670025007684211	-0.502699788526316	-0.141428809031579	-0.0744717500625263	-0.170546964549579	-0.0352255241130632	-0.468999224631579	-0.133586606326316	0.106739857136	-0.534713440421053	-0.209261973376842	-0.386237143210526	-0.185530281244211	-0.0571194000343158	-0.103492403002105	0.0938221807027368	-0.00793037848421052
2	"WALKING_DOWNSTAIRS"	0.0662208958709677	0.034324006483871	-0.0142968861354839	-0.0292808562032258	-0.0969541583774194	-0.358721716903226	-0.101095541129032	-0.0401992302290323	-0.042085567516129	-0.126288625929032	-0.303387971290323	-0.104721942293548	-0.127144155377419	-0.41278562	-0.239357505741935	-0.355567664387097	-0.0235365213645161	0.00334824889354839	-0.105763533558065	0.0901649208	0.0759236151935484
2	"WALKING_UPSTAIRS"	0.127886113288462	0.0175116667307692	-0.0783041399230769	-0.477235374615385	-0.405386210384615	-0.716778916923077	-0.490636396923077	-0.508082286923077	-0.506236508076923	-0.439442387307692	-0.691453345	-0.493864093076923	-0.408001117307692	-0.740737201538462	-0.398273484615385	-0.527225244615385	-0.549135537692308	-0.470819905	-0.563456927692308	0.0687266856423077	-0.0899678048846154
3	"LAYING"	0.077908974656338	0.00706867100408451	-0.000143542544507042	-0.981489017183099	-0.976960542816901	-0.98281300056338	-0.981607627887324	-0.980126745352113	-0.98147206915493	-0.977212387746479	-0.98038005915493	-0.983213244366197	-0.978343915774648	-0.983854158873239	0.188447976580282	0.0279305879725352	0.0265752327492958	-0.979687318732394	-0.979657231408451	0.374273668633803	0.0190444742957746
3	"SITTING"	0.07578907156	0.0075075498052	0.0014528393936	-0.9940735222	-0.9886698018	-0.9907651174	-0.992841159	-0.991506865	-0.9943072866	-0.9883839332	-0.9890826528	-0.9943360348	-0.9899198258	-0.9910358892	0.22856881961	0.070183023186	0.09378788574	-0.9915767148	-0.9902681426	0.39178786968	0.0049567079818
3	"STANDING"	0.0735695288153846	0.00642064560323077	-0.00304619514923077	-0.987453913076923	-0.976318117384615	-0.988083436769231	-0.986769841692308	-0.981547146	-0.987641997230769	-0.975431918923077	-0.985729005076923	-0.988392438615385	-0.979422786923077	-0.989123784769231	0.233663317369231	-0.0163834416215385	0.0390931361335385	-0.981534447230769	-0.980405909076923	0.352169537756923	0.013493101844
3	"WALKING"	0.0773188580032787	0.0130098548360656	0.0243753334442623	-0.355492635409836	-0.0935385034	-0.534303311639344	-0.301093269180328	-0.275672786229508	-0.423446094590164	-0.194232721737705	-0.523427055737705	-0.343866129016393	-0.0470379377672131	-0.543872996229508	-0.43680842295082	-0.40049341595082	-0.446731876721311	-0.335938891803279	-0.211231860180328	0.0274103270236066	-0.00860624890163935
3	"WALKING_DOWNSTAIRS"	0.118250858006522	-0.0113826178208696	-0.00939838078195652	-0.103436471413043	-0.304063534173913	-0.536331570652174	-0.221631694184783	-0.206576683876087	-0.215092049054348	-0.351268404347826	-0.498668458043478	-0.0718767032673913	-0.298931144913043	-0.573043711086957	-0.508557029565217	-0.559085845869565	-0.452939005217391	-0.188680399771739	-0.236538515947826	-0.0445946372391304	-0.120553975717391
3	"WALKING_UPSTAIRS"	0.07680441704375	0.03083565139375	0.00759533846458334	-0.292665827083333	-0.349791873229167	-0.657430836041667	-0.357233897916667	-0.390912450416667	-0.360272225833333	-0.37705192875	-0.633017707916667	-0.287219038291667	-0.365114263583333	-0.680325770833333	-0.576044001875	-0.474055998333333	-0.552822976041667	-0.360299853125	-0.437383107916667	-0.0890136151333333	0.0683932524979167
4	"LAYING"	0.0769811125806452	0.0138041011306452	-0.00435625874355645	-0.98087931483871	-0.968710724677419	-0.982093162903226	-0.979484593387097	-0.976121297903226	-0.980513202258064	-0.968752113709677	-0.979122344354839	-0.983122615967742	-0.971044012741936	-0.983711904677419	0.17597855438871	-0.0131774961758065	0.0448196905903226	-0.975949597903226	-0.975305377903226	0.238611133937097	0.0166479534356452
4	"SITTING"	0.0726098418653846	0.00272529134230769	-0.00423348373557692	-0.974467390384615	-0.953631390961538	-0.974661565961538	-0.969080752884615	-0.966550084230769	-0.974950363461538	-0.954170151346154	-0.970845669423077	-0.976283534807692	-0.956461756730769	-0.9771595725	0.215731832596154	-0.0959148729942308	-0.0437473433390385	-0.965888891730769	-0.966568852884615	0.286795769778846	0.00407829679403846
4	"STANDING"	0.0750900622277049	0.00771663644590164	-0.00807177934114754	-0.957086489344262	-0.941686785737705	-0.973059634918033	-0.959303840327869	-0.948770043278689	-0.957666856721311	-0.943497973606557	-0.969174903442623	-0.960570921803279	-0.943948547213115	-0.975595949508197	0.0749564403088525	-0.258164810172131	-0.112367641836066	-0.948627467704918	-0.94820681442623	0.129816297732787	0.0246545250622951
4	"WALKING"	0.07767240433	0.01172163825	-0.0020067922	-0.279736387875	-0.0673345747575	-0.53692126025	-0.29208337425	-0.1575240156975	-0.30817949945	-0.162896791175	-0.5240217475	-0.3146677525	-0.0264839364575	-0.5486950295	-0.193545706825	-0.277668248525	-0.371311309275	-0.205672861975	-0.1062396250175	-0.133382104135	-0.0795541207
4	"WALKING_DOWNSTAIRS"	0.0502490043170732	0.0239804577073171	-0.00663894369731707	0.000909113136585366	-0.0537549404073171	-0.46906545902439	-0.107771069026829	-0.0179810760390244	-0.0138081964609756	-0.0774678186585366	-0.414916897804878	-0.0752405334456098	-0.0947190052341463	-0.522287988292683	-0.25728957602439	-0.323126442292683	-0.105613703560976	0.040451431102439	-0.106135923736585	0.0639291870707317	0.0765432177860976
4	"WALKING_UPSTAIRS"	0.0636937625967213	0.0276681149311475	-0.00199711188360656	-0.443535766557377	-0.284710821031148	-0.702490733278688	-0.433044260655738	-0.453746014590164	-0.466262559508197	-0.317714221816229	-0.676906198852459	-0.470182077377049	-0.29781618047541	-0.726616888360656	-0.340973934409836	-0.486024193295082	-0.471976011639344	-0.413517084262295	-0.514332562622951	0.115890292198361	0.0299566411114754
5	"LAYING"	0.0772317998650602	0.011149573306747	-0.000988690855325301	-0.983605223493976	-0.974524522650602	-0.988260181084337	-0.98478434	-0.980668287831325	-0.983478561807229	-0.974878270963855	-0.986506488795181	-0.985278006987952	-0.975964111566265	-0.988558703373494	0.135277438	0.0838227031284337	0.117028928487952	-0.980621564096386	-0.979452188433735	0.211317149549398	0.0113723793
5	"SITTING"	0.0753747129191781	0.0137921005843836	0.00173106800213699	-0.987043285479452	-0.979267729041096	-0.986704740273973	-0.986423976027397	-0.984205184931507	-0.986775590136986	-0.979141571643836	-0.98398048	-0.988576991369863	-0.980999857671233	-0.988151915753425	0.091700311709589	-0.0925759101945205	0.0185381853307808	-0.983751646712329	-0.983687272739726	0.268456602178082	-0.0203678172205479
5	"STANDING"	0.076325574	0.00979051617837209	0.00118119555025581	-0.985119651162791	-0.973695735813954	-0.986850812093023	-0.983490481162791	-0.98348293255814	-0.985304649767442	-0.973725640465116	-0.984404507906977	-0.986271514418605	-0.975684538372093	-0.987952894186046	0.189447274165116	-0.126268764162791	0.0395042755604651	-0.982534624651163	-0.983686509302326	0.326752177488372	0.00265465252093023
5	"WALKING"	0.0822246284461538	0.0144113482019523	-0.0327528722288462	0.110306729315577	0.0809271194038462	-0.179390497475	0.109450990201923	0.0356558788076923	0.0336380997853846	0.0107318703980769	-0.129367902596154	0.0908366492173077	0.0854010732076923	-0.227829841936346	-0.214787048403846	-0.388095890192308	-0.0054044236	0.0730179928688462	-0.0222869586038462	0.124998092238462	0.00980404751923077
5	"WALKING_DOWNSTAIRS"	0.0743599320333333	-0.0500559341	0.00385019336666667	0.5093614955	0.317798335323333	-0.099248784	0.377982159933333	0.42389073577	0.4358598702	0.247792333966667	-0.0259260727333333	0.449569240386667	0.304844438374	-0.171857886333333	-0.238180453733333	-0.372874679333333	-0.107187273833333	0.505636952633333	0.299332424953333	0.182969928283333	0.0179160675
5	"WALKING_UPSTAIRS"	0.0968192412380952	-0.00153315709523809	0.0107010391095238	-0.240562687714286	-0.114167854842857	-0.564603604761905	-0.210470671904762	-0.375452866190476	-0.292009034761905	-0.178553430904762	-0.513706555714286	-0.254104021619048	-0.102821705242857	-0.615538667142857	-0.366254412904762	-0.427128554285714	-0.209223234571429	-0.292959276666667	-0.502560443809524	0.253679859095238	-0.0596892736190476
6	"LAYING"	0.0858354095479167	0.00838982206916667	-0.0198607652175	-0.98409940875	-0.9722705525	-0.983755592083333	-0.982867549166667	-0.977832143541667	-0.983380388541667	-0.972403280208333	-0.981125669375	-0.986525622291667	-0.974170311458333	-0.98504273375	0.111115093207917	0.0156930859479167	0.0722331127727083	-0.977588698125	-0.976981096458333	0.3030352991875	0.0337300486970833
6	"SITTING"	0.0757109789882353	0.0121020139594259	-0.000175352166235294	-0.989439392235294	-0.979002804823529	-0.985823622941176	-0.985947225176471	-0.986520865058824	-0.989759187058823	-0.979180438588235	-0.983434322941176	-0.990027822470588	-0.980347168823529	-0.986845672352941	0.244349529764706	-0.0118456245047059	0.0250360370447059	-0.985342358705882	-0.986991549529412	0.327937039236471	-0.00161665603176471
6	"STANDING"	0.0754543858764045	0.0100621171270225	-0.00332093673865168	-0.97706335011236	-0.963921458202247	-0.977915677191011	-0.974765161910112	-0.97160651494382	-0.976803010674157	-0.964503015505618	-0.974780645393258	-0.979530485393258	-0.966024075955056	-0.979723339662921	0.156072448511236	-0.11577347441236	-0.0494048593741573	-0.970634296404494	-0.97192611741573	0.29194637176382	-0.023120938352809
6	"WALKING"	0.0836162646259259	0.0272729651851852	-0.0280716295185185	-0.192601774444444	-0.00106909985185185	-0.473944791481481	-0.192846469259259	-0.122919979592593	-0.252302126296296	-0.101414061607407	-0.443630023703704	-0.202948053777778	0.0406800927888889	-0.502667054814815	-0.197285691074074	-0.37036058962963	-0.332839295	-0.181072879074074	-0.0606402195592593	0.222227338859259	-0.028507745
6	"WALKING_DOWNSTAIRS"	0.0866013380625	-0.0399323506875	-0.0177255153125	0.144680123403125	0.06318026408125	-0.1241381776875	0.08508397671875	0.193949228440625	0.10541736215625	0.0157832949875	-0.0646592700625	0.081514041653125	0.04268759818125	-0.181070014991875	-0.28033043015625	-0.4466293096875	-0.321358766125	0.232425883449375	0.129606423375	0.01718292624375	-0.03410939375
6	"WALKING_UPSTAIRS"	0.0916221219452273	0.0420246727204545	0.00265069843181818	-0.301689441590909	-0.115580073672727	-0.480261635681818	-0.235581555795455	-0.332071469431818	-0.309846755402273	-0.147715401454545	-0.424010294727273	-0.357994446818182	-0.142586978727273	-0.535886943636364	-0.198088471340909	-0.333367791386364	-0.271737972431818	-0.258453443195455	-0.445914160681818	0.267830163079545	-0.00802230843181819
7	"LAYING"	0.074844914764557	0.0144906648550633	-0.00615463563316456	-0.986793144050633	-0.975114156962025	-0.986113873417721	-0.984958303037975	-0.982353164936709	-0.98640249721519	-0.975682678734177	-0.984243118860759	-0.988513676582279	-0.976285720126582	-0.986542169873418	0.0959007235594937	-0.082577472035443	0.0259063337772152	-0.982353761392405	-0.981239574050633	0.302459487293671	0.0290538018359494
7	"SITTING"	0.0807861307142857	-0.00299836179571429	-0.0111734117125714	-0.987811178285714	-0.976381430285714	-0.986647907142857	-0.985821946571429	-0.983048056857143	-0.987232234285714	-0.975119714857143	-0.984054866	-0.989703584	-0.979912452285714	-0.987928235428571	0.240986170885714	0.0103598961742857	0.0430844762371429	-0.98294822	-0.982017684857143	0.319121435182857	-0.0382468071142857
7	"STANDING"	0.0752322891746032	0.0107286964173016	-0.00626291653857143	-0.975639080634921	-0.952303493968254	-0.981478064920635	-0.975876006507936	-0.958825095396825	-0.974969214761905	-0.952141454126984	-0.977567430952381	-0.978773000952381	-0.956169964285714	-0.984305238253968	0.227103206142857	-0.243211290984127	-0.0266151295539683	-0.959743877936508	-0.95665395968254	0.106970242863492	0.0194333314460317
7	"WALKING"	0.07630450769375	0.00932276291666667	0.0073334712125	0.0101940426654167	0.0631211510834792	-0.356254039583333	-0.0443774801333333	0.0372954313125	-0.0789021217041667	0.0096084701875	-0.340097302291667	0.00955351865833333	0.0492038681854167	-0.372027495208333	-0.106987243491667	-0.209671958033333	-0.130831870116667	-0.0187285636166667	0.09724901211875	0.13455054820625	-0.0147724917291667
7	"WALKING_DOWNSTAIRS"	0.128520313175	0.01702650215	0.0085101196525	0.077669371025	-0.030457178815	-0.3331708542265	-0.0250030541	0.057948462451	0.0279545357025	-0.0569588081475	-0.278681189815	0.032941924665	-0.0696024444575	-0.3864404337	-0.26227478605	-0.38704019801	-0.2258227638025	0.0990748184	-0.00658048569	0.11226333436	-0.08322578625
7	"WALKING_UPSTAIRS"	0.0824891522325581	0.0232985351860465	-0.0335263683255814	-0.221928644851163	-0.105723498962791	-0.50630529627907	-0.212503774134884	-0.252279684895349	-0.249056665695349	-0.109643085969767	-0.45459166255814	-0.263977926772093	-0.168658874084186	-0.557217689534884	-0.163514018604651	-0.274589806190698	-0.284119622760465	-0.202903829139535	-0.32712011755814	0.149739692423256	-0.033543705
8	"LAYING"	0.0802879303382353	0.00481214240941177	-0.00456453869294118	-0.968266558676471	-0.958251081617647	-0.971053946911765	-0.969591716470588	-0.958230613970588	-0.967615736911765	-0.957598401176471	-0.967081288676471	-0.972063804264706	-0.962284386470588	-0.973703302647059	0.104179903697794	-0.0356188181205882	0.125116040470588	-0.960730792794118	-0.954502384558824	0.221253093551471	-0.00238015011029411
8	"SITTING"	0.0784471504923077	0.00741433614007692	-0.00688045309969231	-0.980708034153846	-0.969164112769231	-0.974437349384615	-0.97905934	-0.965584258923077	-0.980360915384615	-0.968198222461538	-0.970757844153846	-0.982951789230769	-0.972857110153846	-0.976793423230769	0.260507927593846	-0.0374426802307692	0.0212717142584615	-0.966329762769231	-0.963582427230769	0.163519239613538	-0.00392568178292307
8	"STANDING"	0.0752241887878788	0.012002106120303	-0.00598169145551515	-0.983546183030303	-0.976597136969697	-0.974393462424242	-0.979729793636364	-0.975484767272727	-0.983640736363636	-0.97651332030303	-0.970363501818182	-0.984923977575758	-0.978488655757576	-0.977104528484849	0.211683494506061	-0.031408208369697	-0.0377449620636364	-0.974654286666667	-0.975373016363636	0.275684500690909	0.0102886823969697
8	"WALKING"	0.0721362660813207	0.0238668169886792	0.0114430901584906	-0.143243020816981	0.054598924254717	-0.129698192181132	-0.0320561955283019	0.0292447428566038	-0.203470186532075	-0.026728880490566	-0.131619261286792	-0.157141333388679	0.0722714220797736	-0.129939170284906	-0.24785399750566	-0.248054951528302	-0.24581916649434	0.0148502739018868	0.0387709569886792	0.0994846480622641	0.000344544283018866
8	"WALKING_DOWNSTAIRS"	0.03835962853125	0.03548360990625	-0.0181306184375	0.1028227757375	-0.034525814259375	-0.288606957028125	-0.000904330046874999	0.102941115439062	0.067773015090625	-0.0460655581125	-0.2051099111125	0.03921676295	-0.0918754955	-0.37289271284375	-0.25647808896875	-0.3203867273125	-0.18625751853125	0.135289351384375	0.0504874941875	0.03760118746875	-0.0148046596875
8	"WALKING_UPSTAIRS"	0.0948984425333333	-0.00542257649333333	-0.0327680893703333	-0.0837402309466667	-0.120199502733333	-0.42779384	-0.140096754616667	-0.118525909333333	-0.09358757316	-0.1281229474	-0.37017372	-0.158646677785	-0.17636287492	-0.484828048	0.0212447157766667	-0.23583910439	-0.258816973	-0.06806929313	-0.1959939047	0.188160180066667	-0.0441534262
9	"LAYING"	0.0867607247435897	0.00651666597948718	-0.0036616224725641	-0.982269282564103	-0.96266455025641	-0.984322631025641	-0.97884170974359	-0.975752118205128	-0.981685514102564	-0.963438294871795	-0.981942653076923	-0.984634525384615	-0.964491175128205	-0.985260214358974	0.241189328479487	0.200000369948718	0.104570408607692	-0.975595956153846	-0.974747848205128	0.206274441794872	0.0522612083615385
9	"SITTING"	0.0749577410909091	-0.00278773346136363	0.00338609594827273	-0.975204850227273	-0.952786261136364	-0.973436529545455	-0.969320155681818	-0.965757731590909	-0.976024951136364	-0.954237489772727	-0.969501330681818	-0.976530547272727	-0.954464442045455	-0.97602233	0.0757356169022727	-0.131861736040909	-0.0644960732795455	-0.964440302272727	-0.966545323409091	0.245936717454545	-0.0209532538863636
9	"STANDING"	0.0725189859107143	-0.00221990214464286	-0.0122812220569643	-0.962647080178571	-0.931217140714286	-0.963832118928571	-0.956863566071429	-0.942962047678571	-0.963059235178571	-0.93137020875	-0.958438726607143	-0.965778920714286	-0.936202600714286	-0.96807230125	0.150463078469643	-0.143681804520893	-0.0333637020357143	-0.941825903035714	-0.943601960178571	0.140971600726786	-0.00572224394107143
9	"WALKING"	0.0724698160672917	-0.01534038930625	-0.00636913255479167	-0.344664885625	-0.0557340636125	-0.623336738958333	-0.323925998958333	-0.2400452566875	-0.382212522291667	-0.15796084669875	-0.603550073958333	-0.364060375416667	-0.008846266598125	-0.641262642708333	-0.316604304729167	-0.418290298354167	-0.3624033639375	-0.259409642395833	-0.222116976099167	-0.0793352133041667	-0.029452090875
9	"WALKING_DOWNSTAIRS"	0.108332730345098	0.00189065924705882	0.0149923489117647	-0.109103030729412	-0.111532179590196	-0.544940393137255	-0.20605027854902	-0.112471045766667	-0.128336765319608	-0.168945430862745	-0.511717729411765	-0.1707928866	-0.110679156721902	-0.576548271960784	-0.281271336568627	-0.392438338627451	-0.271148240019608	-0.0821772720392157	-0.161718784911765	0.0622322026954902	-0.0795373981764706
9	"WALKING_UPSTAIRS"	0.05653379659	0.0198932274632	0.000842205934200001	-0.3526034534	-0.23335115928	-0.6942444274	-0.3736729526	-0.3785244064	-0.4033068308	-0.286180799	-0.6685583616	-0.3582381798	-0.2274840345	-0.7185913194	-0.3441770144	-0.5013389802	-0.4351228194	-0.3625682858	-0.4046770318	0.097796761514	0.047320812
10	"LAYING"	0.087999845804878	0.00195174169902439	0.00637542313439024	-0.97457748	-0.949880373902439	-0.978581395365854	-0.969504711951219	-0.96724276097561	-0.974682323414634	-0.951255431463415	-0.975088280487805	-0.976852720243902	-0.951858156341463	-0.98076310902439	0.0852292773195122	0.0153429254804878	0.0472908286951219	-0.96620278	-0.967523150243902	0.209365191517073	0.0246259081902439
10	"SITTING"	0.0755445311006383	-0.00235841299595745	0.00723665826829787	-0.96909587893617	-0.942570115531915	-0.956748599361702	-0.961762995531915	-0.944443739148936	-0.970023847446808	-0.944427148297872	-0.952140932340426	-0.970941377021277	-0.944600508085106	-0.960074953404255	0.107249893096383	-0.159531298942553	-0.099770662506383	-0.945031535744681	-0.943083062553192	0.145069875531915	-0.0463492818574468
10	"STANDING"	0.0730699604561404	0.00871883993421053	-0.00481712245438596	-0.973132635789474	-0.949362277017544	-0.967547241754386	-0.967102436140351	-0.956099145964912	-0.97348053877193	-0.951405464912281	-0.963743518070175	-0.975235677719298	-0.950681450350877	-0.969895845789474	0.186559227035088	-0.251013912454386	-0.0715339890175439	-0.955914005438597	-0.95538157877193	0.190943682210526	-0.00737862488596491
10	"WALKING"	0.0898787548618182	-0.0144664355309091	-0.00436337684909091	-0.152966019345455	-0.0824940419363636	-0.638422304727273	-0.234196335781818	-0.160319577454545	-0.189530886363636	-0.158584263447273	-0.611951608909091	-0.191439649605455	-0.0610899451945455	-0.663502379818182	-0.253077823	-0.499678318	-0.268290614636364	-0.138511318376364	-0.195744803745455	0.0388329573018182	-0.0132544090545455
10	"WALKING_DOWNSTAIRS"	0.0956871962608696	0.0261667032986957	0.00670730667173913	0.149708796941304	0.167659941447826	-0.570342312173913	0.0201649098478261	0.0697660218847826	0.0977080474847826	0.0390076842173913	-0.538131769347826	0.0982022749782609	0.228999071956522	-0.600737554347826	-0.313688198543478	-0.516686358043478	-0.254768922252174	0.120459639257826	-0.00664095240434783	0.0599803637891304	-0.0145420926086957
10	"WALKING_UPSTAIRS"	0.0920211842291667	0.0218971732770833	-0.00827349033958333	-0.200442886416667	-0.0881966250625	-0.656296501875	-0.239837977395833	-0.2584114619375	-0.264831483333333	-0.1599150347875	-0.623894839583333	-0.205042163916667	-0.0710379492604167	-0.687494336458333	-0.452239331041667	-0.536255037708333	-0.345952070354167	-0.230110547895833	-0.305032646979167	0.0305859200333333	-0.0457603137916667
11	"LAYING"	0.0876822345072464	0.0266163634086957	-0.0172345986484058	-0.980270261449275	-0.966076266811594	-0.977319784347826	-0.974812194637681	-0.97411392826087	-0.979625576956522	-0.96673551942029	-0.973825725797101	-0.98293671057971	-0.967890773478261	-0.979524119855072	0.105545300989855	-0.0587663627317391	0.0862921001192754	-0.972938458115942	-0.97463834826087	0.259574955376812	0.0941560639130435
11	"SITTING"	0.0764588893817188	0.00822202343640625	0.0021491953634375	-0.98877966078125	-0.979933558125	-0.982362855	-0.986003275625	-0.9813024690625	-0.98879561125	-0.98021247609375	-0.9796513146875	-0.98979551046875	-0.9810813059375	-0.98370924875	0.19117177809375	-0.07525226590625	-0.000295879546874997	-0.98130804171875	-0.98018816703125	0.219767793078125	-0.009970962759375
11	"STANDING"	0.0753215094444444	0.00817608342152778	-0.00459439641501389	-0.985197866111111	-0.971987653888889	-0.981103528472222	-0.98124395875	-0.978016647916667	-0.985588888333333	-0.972310853888889	-0.978295598611111	-0.986137072916667	-0.973730599722222	-0.982510670972222	0.171738261641667	-0.105010961517639	-0.0217854517513889	-0.977709219444444	-0.97745044625	0.267302154083333	0.0105642904638889
11	"WALKING"	0.104730743868621	0.00666799583103448	-0.0220160828965517	-0.191425726068966	-0.0715343977586207	-0.0507330463793103	-0.0541652741862069	-0.0287338709793103	-0.271111684413793	-0.137027550555172	-0.0746072437172414	-0.182170107862069	-0.063529382462069	-0.0311772867931034	-0.247104637206897	-0.201411434655172	-0.307715720655172	-0.0178985558275862	-0.0508225101724138	0.213787514834483	-0.0632362931248276
11	"WALKING_DOWNSTAIRS"	0.0578777273375	0.031906625125	0.0026476641125	0.222189396125	-0.0753126516825	0.05331831962225	0.1438943809475	0.2970361894425	0.2331301356175	-0.0561708548475	0.1860152106	0.0930550852525	-0.170179241775	-0.0826272280925	-0.1928927052	-0.189375638965	-0.16498470739	0.351461597875	0.2139211322	0.09180608294825	-0.0079842204
11	"WALKING_UPSTAIRS"	0.0745705450166667	0.0586471470333333	0.0251831105714286	-0.369388644761905	-0.323546289547619	-0.409975066428571	-0.310001331666667	-0.372358794761905	-0.37418839547619	-0.323418830214286	-0.348675575	-0.423052493333333	-0.374084587380952	-0.470517098809524	-0.309540855809524	-0.37228009252381	-0.456326822142857	-0.316321998928571	-0.458213394047619	0.143092352261905	0.0163832427619048
12	"LAYING"	0.100889922910714	0.0122970203089286	-0.00689848510714286	-0.971361217321429	-0.946431193214286	-0.956544020357143	-0.961563871607143	-0.950390043392857	-0.971837927857143	-0.94774909875	-0.951673129642857	-0.973468518928571	-0.948892213571429	-0.960000639642857	-0.00067335828392857	-0.0516266152625	0.111796626428571	-0.950072209642857	-0.949798615714286	0.139672585001786	0.0355844930625
12	"SITTING"	0.0677278405555556	0.0122138340405556	0.0145237405272222	-0.980649901666667	-0.967265758703704	-0.971215586851852	-0.974790100185185	-0.969390768518518	-0.980807102037037	-0.967601239814815	-0.96751604037037	-0.982334794074074	-0.969310807222222	-0.973584312777778	0.162083777618519	-0.0955023212759259	-0.0871548952962963	-0.96969765537037	-0.968150814814815	0.194988846518519	-0.00974507100555556
12	"STANDING"	0.0751915112830189	0.00694700354075472	-0.0108420294035849	-0.976403544716981	-0.965810609622642	-0.972060053207547	-0.973381306226415	-0.968566356037736	-0.976323086226415	-0.967165093018868	-0.968229643018868	-0.978729082830189	-0.966850290188679	-0.974533710754717	0.098774853689	-0.188479735466038	-0.0891602062907547	-0.967417888301887	-0.969092161886792	0.256759439860377	-0.0238336055150943
12	"WALKING"	0.0874548134807017	0.00232107407017544	-0.0252596193842105	-0.285240086322807	-0.0636309586087719	-0.271952812397895	-0.190649807473684	-0.0800796373315789	-0.311136229578947	-0.132260638992982	-0.238537097145614	-0.32258823947193	-0.051492445845614	-0.303512658259649	-0.27160906047193	-0.352216690578947	-0.140508472454561	-0.0686857239526316	-0.100977016192982	-0.00434400282280702	-0.0151744994210526
12	"WALKING_DOWNSTAIRS"	0.100943887689796	-0.0160497955163265	-0.0184412979326531	0.0665495863836735	-0.0394805856938776	-0.181920770326531	-0.0210195908734694	0.184678151653061	0.0130763868918367	-0.118197984734694	-0.126586344816327	0.0257958727284082	-0.0204602318979592	-0.236282990306122	-0.339270308040816	-0.435526190857143	-0.217830007161224	0.175400534081633	0.185086324497959	-0.0443974882338775	-0.0271440592857143
12	"WALKING_UPSTAIRS"	0.0496169183039216	0.00237857956862745	-0.00117861670196078	-0.307380355235294	-0.271921964809608	-0.50766658627451	-0.317477591411765	-0.301373641411765	-0.35906232545098	-0.324728171217647	-0.497341677843137	-0.316026382078431	-0.263903927015686	-0.51716418627451	-0.407783361490196	-0.448040647647059	-0.539961302137255	-0.296277504731373	-0.313941443373333	-0.0621609898117647	0.00993874890196079
13	"LAYING"	0.0891401616835443	0.0235905652979747	-0.0164727192763291	-0.976171514936709	-0.977473477468354	-0.969982224303797	-0.976362129113924	-0.966644126455696	-0.975705916835443	-0.976849013037975	-0.966234319367089	-0.979048422911392	-0.980031796455696	-0.972398520506329	0.129783086825316	0.017531933043038	0.105994709641772	-0.96589307721519	-0.96685346443038	0.334908152582278	-0.00600350497341772
13	"SITTING"	0.0785593947916667	-0.00604321059141667	-0.0103136624545833	-0.985537324583333	-0.981247181041667	-0.985419673958333	-0.986302300833333	-0.981175412708333	-0.985397900208333	-0.98068451	-0.983134390625	-0.987142692291667	-0.983464540208333	-0.986312963125	0.225623223375	0.0597191872604167	0.0137879321145833	-0.981410555625	-0.9798582075	0.310729611291667	-0.0265315405729167
13	"STANDING"	0.0753739045185185	0.00814951727462963	0.00322153267648148	-0.989198879814815	-0.976442140740741	-0.982610899259259	-0.984920797777778	-0.979932239074074	-0.989029238518519	-0.976177675	-0.979477193333333	-0.990414086851852	-0.97858173	-0.984465744444444	0.267296230824074	-0.0598195579537037	0.0692831244296296	-0.979745872037037	-0.979135440925926	0.308060633885185	-0.00820462124444444
13	"WALKING"	0.0673870792241379	0.0160960748396552	-0.0139035248827586	-0.263986913017241	0.168503355	-0.325926493689655	-0.117157038	-0.0729359173086207	-0.309755286551724	0.0531399297194828	-0.285270330475517	-0.283214899103448	0.2153864173	-0.365862113172414	-0.285345970241379	-0.389361423086207	-0.17813041007069	-0.0572289381710345	-0.104957689982759	0.0451697764103448	0.020309874
13	"WALKING_DOWNSTAIRS"	0.109452848547619	-0.031171149547619	-0.0178810773166667	0.134852449144048	0.0423988706261905	-0.227819267642857	0.0382314636778571	0.175064210457143	0.097029701397619	-0.00761948545238095	-0.151822399595238	0.0693522210452381	0.0257959228428571	-0.303550557428571	-0.245161169440476	-0.431222842619048	-0.182448622616667	0.202433560952381	0.127303939771429	0.0785172296	-0.0862115778095238
13	"WALKING_UPSTAIRS"	0.0754192596065217	0.00482746604347826	-0.0397063945217391	-0.283977294021739	-0.246397957130435	-0.571125105217391	-0.301366990434783	-0.340318062282609	-0.309358312604348	-0.270717934221739	-0.524159972826087	-0.323085540152174	-0.272743753717391	-0.617649931086957	-0.26136267965913	-0.41487402876087	-0.481873822608696	-0.286394892302174	-0.42443606676087	0.16755973135	-0.00567735353695652
14	"LAYING"	0.0851348996511628	0.0205202320472093	-0.0312480716511628	-0.974332974651163	-0.95128829372093	-0.969341829069767	-0.965003269767442	-0.965718866046512	-0.974219002790698	-0.951742713023256	-0.964053421860465	-0.976914210232558	-0.954357377906977	-0.973515524651163	-0.0520530550697674	-0.28378471627907	-0.103212985483721	-0.963947544186047	-0.967319980697674	0.222992887325581	0.217825010674419
14	"SITTING"	0.074594536	0.00158912212258064	-0.00161097953548387	-0.990650921612903	-0.978241997741935	-0.985998630322581	-0.98683754483871	-0.984789917096774	-0.990956008709677	-0.978187818709677	-0.983338044516129	-0.991169785806452	-0.979970480967742	-0.987330661612903	0.213405798645161	-0.080689477203871	0.0302902186129032	-0.984208253870968	-0.984493189677419	0.325395441741935	0.0211220461741935
14	"STANDING"	0.07545660925	0.00654525463730769	-0.00642891031019231	-0.988101371538462	-0.974154472884615	-0.984483700769231	-0.984168818076923	-0.982193381923077	-0.987894813461539	-0.974164420384615	-0.981615730576923	-0.989484479038462	-0.976085486538461	-0.986028577115385	0.218115922	-0.138106713781731	0.0506341212096154	-0.981430226923077	-0.982057686538462	0.305829920217308	0.0221984333576923
14	"WALKING"	0.0721720712281081	0.00351115201418919	-0.00335098680675676	-0.607620931621622	-0.382619718513514	-0.675601403648649	-0.538291424594595	-0.542870062567568	-0.625595376891892	-0.43445519972973	-0.659286392837838	-0.624145724594595	-0.367760098378378	-0.690413386081081	-0.223500510481081	-0.54613878577027	-0.463291946486486	-0.564591342162162	-0.51900424972973	0.135338842345946	0.0971389151824324
14	"WALKING_DOWNSTAIRS"	0.110656929396552	-0.0195416626931035	-0.0113348791672414	-0.501968387931034	-0.371661522413793	-0.711494695517241	-0.50048333137931	-0.482976929827586	-0.525789450689655	-0.415699643793103	-0.686843959310345	-0.522153341034483	-0.365719830448276	-0.734990064137931	-0.419732508103448	-0.544902332586207	-0.423798006068966	-0.471642111551724	-0.502224768103448	-0.000259638109310345	-0.0854018992413793
14	"WALKING_UPSTAIRS"	0.0740041435707692	0.00925514041553846	-0.0116906813498462	-0.663642746307692	-0.627131235692308	-0.812458372307692	-0.679160843538462	-0.674513059846154	-0.668208156461538	-0.640849424923077	-0.793266971230769	-0.690213625846154	-0.638086010153846	-0.830526636615385	-0.410294109653846	-0.601971415384615	-0.612389227538462	-0.654795110615385	-0.703433692615385	0.0278971843696923	0.0261519510461538
15	"LAYING"	0.0866502529210526	0.0124420033513158	-0.00614755098663158	-0.989315824868421	-0.987182887763158	-0.989064628947368	-0.989970604210526	-0.989101949473684	-0.989224043947368	-0.987115080789474	-0.987308252236842	-0.990410106973684	-0.988238648552632	-0.989370490789474	0.137090425315789	0.127044302263158	0.148820983839737	-0.989138184473684	-0.987901463289474	0.350704034325	0.02649011025
15	"SITTING"	0.0764443226333333	0.00692238958961538	-0.00780237981320513	-0.99225839525641	-0.986215215641026	-0.99000871051282	-0.990898435769231	-0.989986111666667	-0.992025427435897	-0.985862886410256	-0.987989982948718	-0.99329986051282	-0.987754588717949	-0.990693114358974	0.17657695075641	0.0466390168589744	0.0548784456073077	-0.989481942820513	-0.989521272820513	0.336786740217949	0.0334113465417949
15	"STANDING"	0.074845562559322	0.00831109136745763	-0.0020459082820339	-0.991747906440678	-0.976533796610169	-0.987709115254237	-0.988017344576271	-0.983634216949153	-0.991789283389831	-0.976897070169492	-0.985856198813559	-0.99247710440678	-0.977864733050847	-0.988132875932203	0.281145693679661	-0.0766414916838983	0.0598730290962712	-0.983862813389831	-0.98221430220339	0.216519952137288	0.0299138870084746
15	"WALKING"	0.0652303740728813	0.0196712144372881	-0.00618305784355932	-0.328452881355932	-0.261863589338983	-0.397483516101695	-0.290758024915254	-0.279350754237288	-0.36422676440678	-0.298531982474576	-0.398673189830508	-0.351065957627119	-0.271952157220339	-0.396530418305085	-0.254935528889831	-0.408094837118644	-0.245889004932203	-0.293358341186441	-0.268948465423729	0.0423616587694915	-0.00473099461016949
15	"WALKING_DOWNSTAIRS"	0.126150786210714	-0.0123892016785714	-0.0204939484214286	-0.131000451082143	-0.125515929928607	-0.399815865714286	-0.166151583982143	-0.131164357535714	-0.212058025285714	-0.1912406101	-0.3878870475	-0.125375510521429	-0.113006749471429	-0.41020561	-0.513851280714286	-0.401481802142857	-0.376358894107143	-0.183914618642857	-0.0746455515892857	-0.0606144656857143	-0.0350220044285714
15	"WALKING_UPSTAIRS"	0.0850826925714286	-0.00237001722535714	-0.0184385532535714	-0.316369551428571	-0.434578057857143	-0.684610709642857	-0.426572918928571	-0.363669010357143	-0.3362015025	-0.456971522857143	-0.645524775357143	-0.358171082857143	-0.448653693928571	-0.723357925714286	-0.26631610975	-0.518777816785714	-0.367766434428571	-0.3279722225	-0.417533995	0.07539448725	0.0425863267857143
16	"LAYING"	0.0766268551324324	0.0126491088851351	-0.000685549292837838	-0.986471899324324	-0.985159461756757	-0.989685146621622	-0.988372773648649	-0.988586771351351	-0.986679572567568	-0.985257277297297	-0.988033129054054	-0.987477465405405	-0.986116008783784	-0.989901169864865	0.0961256024564865	0.0629930660081081	0.148092918859459	-0.988098902567568	-0.988174859594595	0.405104858945946	-0.00947344800405405
16	"SITTING"	0.0779038963571429	0.004670724222	-0.00611285425957143	-0.990658097857143	-0.985097470714286	-0.988904001571429	-0.989467178285714	-0.989200539571429	-0.990839607428571	-0.985238583714286	-0.987087721142857	-0.991292270714286	-0.986083114	-0.989282516857143	0.194318820804286	-0.0105794955342857	0.03477278444	-0.988773269428571	-0.988531651142857	0.357920769852857	0.0256382561075714
16	"STANDING"	0.074969980825	0.0122433312349875	-0.00137950299425	-0.987628362	-0.975829725	-0.987354788	-0.985347620125	-0.98415908975	-0.987771749375	-0.97586868	-0.9851113755	-0.98860681	-0.977605582	-0.98820826225	0.29614372759125	-0.03292309817125	0.055479501535	-0.984151646	-0.983022277625	0.3290143599625	0.03469933958
16	"WALKING"	0.0629198220065217	-0.0044043744826087	-0.0173120957391304	-0.310870866956522	-0.112987287572826	-0.391736838478261	-0.229890842826087	-0.25717479673913	-0.338667735217391	-0.201718639304348	-0.376439531086957	-0.343501624130435	-0.0758775419021739	-0.405393167173913	-0.260402023843478	-0.226372049	-0.193566420565217	-0.258985894130435	-0.26042340923913	-0.00105656107826087	0.0603042667326087
16	"WALKING_DOWNSTAIRS"	0.094706794	0.00164071983863636	-0.00429293453636364	-0.0614543781113636	-0.100529561540909	-0.398576572272727	-0.126084513261364	-0.0713617407409091	-0.113121042811364	-0.160420485295455	-0.355829669090909	-0.0932747580454545	-0.0973140417318182	-0.439878759318182	-0.406808825909091	-0.405538116272727	-0.249736136363636	-0.0651882996590909	-0.0889003984477273	-0.0146780354590909	-0.0273205357272727
16	"WALKING_UPSTAIRS"	0.0770667649557692	-0.0199508241769231	0.00160353859615385	-0.359442591980769	-0.399771623846154	-0.660000060384615	-0.429200619615385	-0.387441452307692	-0.378865327288462	-0.415269127115385	-0.626798483846154	-0.397647413653846	-0.424955636346154	-0.692094857884615	-0.270894677575	-0.415693175384615	-0.415333389173077	-0.363186151538462	-0.424682470192308	0.0550567025076923	0.0194890950384615
17	"LAYING"	0.0769376257820513	0.00578916521089744	0.00586978261889744	-0.980815680512821	-0.979449311538461	-0.973627155512821	-0.978837047051282	-0.974500783589744	-0.980642843974359	-0.978882723974359	-0.971124159871795	-0.982823883076923	-0.981809691025641	-0.974674907820513	0.107200517048718	0.0069996200180641	0.0388153627384615	-0.974351373717949	-0.973806051538462	0.268912198739744	-0.0370738372641026
17	"SITTING"	0.0768671621527778	0.0148338232684722	0.000257854017638888	-0.976286679444444	-0.962219452777778	-0.976327426666667	-0.973274366805556	-0.970301646111111	-0.976891804583333	-0.963054247083333	-0.972939551944444	-0.977786782222222	-0.96399042625	-0.978327769444444	0.147680902402778	-0.211341156344444	-0.0896276806138889	-0.969178686666667	-0.970823336388889	0.22911153675	0.00766235295972222
17	"STANDING"	0.0753131601898734	0.00907363218518987	-0.00267810077607595	-0.968604559620253	-0.933768175063291	-0.969765362025316	-0.959551987468354	-0.954068391518987	-0.968513715189873	-0.93516897835443	-0.964751238734177	-0.971672796708861	-0.936991280253165	-0.973572051898734	0.146890848677215	-0.350627823255696	-0.119606462673418	-0.952727765189873	-0.954963155316456	0.133307643270886	0.0150505403316456
17	"WALKING"	0.0936060484358974	0.0248108105564103	0.000137378266666665	-0.366822823076923	-0.198644619192308	-0.552584692051282	-0.31638831	-0.389701642051282	-0.394293226153846	-0.283172036692308	-0.522957505641026	-0.394907813589744	-0.160548116641026	-0.580169951794872	-0.337160695384615	-0.425288772384615	-0.339473520046154	-0.36921406025641	-0.421216788205128	0.0912720489564103	-0.0919996506923077
17	"WALKING_DOWNSTAIRS"	0.0807649938326087	0.0237730814891304	0.00238330676086956	-0.0573110862065217	-0.110611500891304	-0.434050544347826	-0.140466770445652	-0.0743754750304348	-0.0726426419326087	-0.149409497217391	-0.366503986673913	-0.12846229673913	-0.129424612008696	-0.501984476304348	-0.314650699326087	-0.372803388478261	-0.131681424527174	-0.0295887071130435	-0.142567765195652	0.0977028383456522	-0.0162684425434783
17	"WALKING_UPSTAIRS"	0.0706746890833333	0.012716618025	0.0104550832574074	-0.418984482777778	-0.405512761851852	-0.645196608333333	-0.46436813037037	-0.403981169259259	-0.4485494	-0.426240111296296	-0.610339842407407	-0.440438674259259	-0.424451887592593	-0.679476897777778	-0.31225960457963	-0.372892045981481	-0.371837901148148	-0.399087291296296	-0.415316323703704	0.149901314638889	0.0523464973407407
18	"LAYING"	0.0766645337017544	0.0122193853629825	0.00277690502070175	-0.985259108596491	-0.972777455263158	-0.982111784210526	-0.983330628421053	-0.976504858596491	-0.984884874385965	-0.973882496666667	-0.979564844210526	-0.987122678245614	-0.973486716315789	-0.983302949122807	0.178104551486316	0.00344999603508772	0.0300169449866667	-0.976940774561403	-0.975126531403509	0.29574789545614	0.00143538724210526
18	"SITTING"	0.0761777324716981	-0.000213838552075472	0.00833400761716981	-0.980335163584906	-0.966766643396226	-0.983441609622641	-0.97935563509434	-0.974511726792453	-0.980831750377358	-0.967454617735849	-0.981124861320755	-0.981607942075472	-0.968421475660377	-0.984349606792453	0.153320197518868	-0.0805058031716981	0.0755982625849057	-0.975315331509434	-0.972289134150943	0.192259107913208	-0.010568244054717
18	"STANDING"	0.0760097721914894	0.0124130965551064	-0.00074591623212766	-0.992527404255319	-0.979428279574468	-0.990132989574468	-0.989242377234043	-0.988853960638298	-0.992385450851064	-0.979287024255319	-0.988460788085106	-0.993414564042553	-0.981185823617021	-0.990378149574468	0.312171839674468	-0.0305094144893617	0.120740566368085	-0.988636595319149	-0.98802123106383	0.333098929765957	-0.0139522134659574
18	"WALKING"	0.0836090929233766	0.0031341265025974	0.00142071998584416	-0.387280971038961	-0.078937387	-0.602200827155844	-0.307504227741299	-0.347078792519481	-0.420095209090909	-0.165864569649351	-0.575414195454545	-0.407978868441558	-0.0472714377181818	-0.627810435233766	-0.358501077467532	-0.414198405441558	-0.146392518107792	-0.324622114558442	-0.382728280272727	0.126607277997403	-0.0548705872844156
18	"WALKING_DOWNSTAIRS"	0.09308499465625	0.010583842771875	-0.0323913494515625	0.035520295071875	-0.0063929657109375	-0.41124806455	-0.047442185734375	-0.01543676609375	-0.00906092511875	-0.0573102856953125	-0.359600310051563	-0.0118330252109375	-0.018702796875	-0.462413076375	-0.303213708953125	-0.392814739046875	-0.250523217796875	0.032331386175	-0.089268530265625	0.0818092067651563	-0.00677869255625001
18	"WALKING_UPSTAIRS"	0.0940941547609091	-0.00799971660575757	-0.0200268673469697	-0.369075320469697	-0.308770941851515	-0.658269511560606	-0.388190963516667	-0.41220774280303	-0.403969391757576	-0.327161181930303	-0.627358478787879	-0.390525887560606	-0.337908641412121	-0.687648833787879	-0.340576687833333	-0.421002719090909	-0.456024688348485	-0.369016959393939	-0.479965975454545	0.111535256363636	-0.0928089903575758
19	"LAYING"	0.0733122900450704	0.0116948195794366	0.00267040884070423	-0.990957288873239	-0.988362717042254	-0.992108562816901	-0.991904057183099	-0.992740675633803	-0.991120513380282	-0.988214824929577	-0.990446671267606	-0.991573369295775	-0.989444213661972	-0.992426198169014	0.134454181110986	0.124473677104225	0.161002141595775	-0.992413714929577	-0.992131244225352	0.479601410802817	-0.0117334157073239
19	"SITTING"	0.0745438102516667	0.00598531404666667	0.003167700952	-0.993525560333333	-0.9840551	-0.990168733	-0.990719807666667	-0.990531729333333	-0.993445760166667	-0.983883193	-0.988470241	-0.9942201755	-0.985493318833333	-0.990445861666667	0.277955332916667	0.0277396724596667	0.11719232372	-0.990093703833333	-0.989822909333333	0.33623279745	0.00583557285
19	"STANDING"	0.0753052530307692	0.0115104978664615	0.000332894985246154	-0.993652820615385	-0.983338157846154	-0.990593859692308	-0.990785419538462	-0.990495689538462	-0.993736906	-0.983194980615385	-0.988541579384615	-0.994123423538462	-0.984782782307692	-0.991316374615385	0.303254910076923	-0.0558737239646154	0.148596745	-0.989793892615385	-0.990327934615385	0.388020547984615	0.0217420439907692
19	"WALKING"	0.0833857957571429	0.0240338637	-0.00589127806857143	-0.25550921923	-0.120589564084286	-0.471570662857143	-0.247075078042857	-0.220119207642857	-0.260420713028571	-0.14745734201	-0.412494393428571	-0.3197118564	-0.15537140095	-0.530310965142857	-0.262027529105714	-0.217801208042857	-0.0844123647671429	-0.1873585244	-0.269701924585714	0.0344374886299571	-0.01177521442
19	"WALKING_DOWNSTAIRS"	0.0766457688826087	0.00819249801956522	-0.0167862262195652	0.016795341168913	0.0126593368021739	-0.441388428695652	-0.0739502728043478	0.000104608363043477	-0.00886154003260869	-0.0153628011956522	-0.377208881673913	-0.0497916733456522	-0.02790321395	-0.50547920826087	-0.279143253130435	-0.276336407847826	-0.12096273893913	0.030387463818913	-0.0484382001804348	0.0504248957	0.000339123565217395
19	"WALKING_UPSTAIRS"	0.0952420172904167	0.00994863547291666	-0.0102360731041667	-0.241044298395833	-0.339727667	-0.637949790833333	-0.347368569375	-0.290042933958333	-0.259029260666667	-0.363104664375	-0.594494665208333	-0.2930605544375	-0.3599832125	-0.681364534375	-0.280152802854167	-0.382397248333333	-0.4114714451875	-0.2548643490625	-0.345000017291667	0.0992621308875	-0.0475381026458333
20	"LAYING"	0.098140384845098	-0.00831507059607843	-0.0323601505045098	-0.971473557058824	-0.96812761745098	-0.972431855490196	-0.972576392941176	-0.966450909019608	-0.972010709215686	-0.969342124313725	-0.968593195686275	-0.973491388039216	-0.969113291372549	-0.97491443	-0.158599091641176	-0.231153333607843	-0.0887922483196078	-0.96798859627451	-0.963607433921569	0.175722996629412	0.0116599807576471
20	"SITTING"	0.0741878844074074	-0.00436185985848148	-0.0105744513096296	-0.980890655185185	-0.967828356296296	-0.976133383518519	-0.976521006111111	-0.973343388888889	-0.981566649444444	-0.968951769814815	-0.97275196962963	-0.981920831111111	-0.968943674259259	-0.978180020925926	0.00357106024444444	-0.232143578944444	-0.149511316833333	-0.972985342962963	-0.972959409444444	0.19841410045	0.014669054387037
20	"STANDING"	0.0738536947579518	0.00506448893839759	-0.0069779590023012	-0.980779359518072	-0.967156879879518	-0.975131582168675	-0.975831713493976	-0.973699266987952	-0.980736922650602	-0.967774011566265	-0.971519810120482	-0.982645273855422	-0.968885114216868	-0.977499588795181	0.0826833481903615	-0.219455811443374	-0.032748008646988	-0.973388571204819	-0.973057166144578	0.230927226528916	0.0173142915614458
20	"WALKING"	0.0720877913452542	0.024116023559322	0.0199723036949153	-0.454497019661017	-0.344339569152542	-0.472791088644068	-0.377293155084746	-0.439746918474576	-0.472360616779661	-0.376766600508475	-0.415899179152542	-0.484797709830508	-0.353526894237288	-0.528889535084746	-0.255900962474576	-0.363463832288136	-0.323114421728814	-0.431591453389831	-0.453426008983051	0.164708200554237	0.00846107225254238
20	"WALKING_DOWNSTAIRS"	0.0428631626711111	0.0291339421022222	0.0104952601188889	0.0129597549231111	0.192791766468889	-0.133634060621778	0.0353601375466667	0.194708838913556	-0.0337820458644444	0.164775056133333	-0.0248789805888889	-0.0302396365755556	0.138737970022222	-0.244857128202222	-0.2710115324	-0.306938978377778	-0.295300085844444	0.186223478065556	0.194263424111111	-0.00170923580888889	0.106421773333333
20	"WALKING_UPSTAIRS"	0.0845771938064516	-0.0152774705919355	-0.00308015823064516	-0.384345735	-0.351650673822581	-0.387247190532258	-0.31763780918871	-0.357590432016129	-0.40265862516129	-0.364301886258065	-0.329151098870968	-0.421361479516129	-0.383902964772581	-0.444543432741935	-0.292447365435484	-0.477655600645161	-0.514287516129032	-0.3151457155	-0.421715478729032	0.0328260891209677	-0.0145030611451613
21	"LAYING"	0.0752196666428571	0.0107680190087143	-0.000374189681428571	-0.977463775571429	-0.971049778142857	-0.979517896142857	-0.97923282	-0.969642290285714	-0.976887901571429	-0.971696279857143	-0.975632420428571	-0.980350748142857	-0.972434196714286	-0.982281553142857	0.0410381510042857	-0.141961208041714	0.0650536847772571	-0.969949269571429	-0.968087778	0.172121086168571	0.0369006013185714
21	"SITTING"	0.0760057731790323	0.00975692523887097	-0.00278161828080645	-0.988864577419355	-0.980420928387097	-0.988164381290323	-0.987799055645161	-0.98605764	-0.988775436451613	-0.980405717258064	-0.985978315322581	-0.990017564516129	-0.981902116451613	-0.988971211935484	0.136689127145161	-0.127783839180645	-0.021487476616129	-0.985826330967742	-0.985294959032258	0.318768530887097	0.0458753732667742
21	"STANDING"	0.0752414472033898	0.0120860416340678	0.00190841458130508	-0.968430745254237	-0.957318881355932	-0.968897316101695	-0.971225190169491	-0.950762271186441	-0.967857589322034	-0.957434887457627	-0.962892627966102	-0.972216728644068	-0.960442360508475	-0.973954338305085	0.0608341046813559	-0.265980374040678	-0.0606641528305085	-0.953357615932203	-0.946639846949153	0.0494752816016949	0.00416689158813559
21	"WALKING"	0.0749746410864865	0.0200245814256757	-0.00504251253243243	-0.347710038	-0.252031605878108	-0.509075045675676	-0.333875063513514	-0.32246208577027	-0.359000559851351	-0.276984431324324	-0.451909041081081	-0.395559662567568	-0.276933450351351	-0.566147940675676	-0.257665191054054	-0.254283873094595	-0.166001877245946	-0.313713714878378	-0.338191595108108	0.0918918090860811	-0.0450326725175676
21	"WALKING_DOWNSTAIRS"	0.0829402877464286	-0.00362432211428572	-0.0104450067928571	-0.169025015514286	-0.15239634439881	-0.461925589642857	-0.24148835037381	-0.102476103657143	-0.178309091747619	-0.180944299340476	-0.395029414285714	-0.235923971738095	-0.180362756995238	-0.529681536428571	-0.302298241244048	-0.361963469016667	-0.159340540392857	-0.0952933947171429	-0.120305011892617	-0.0869428636746429	-0.0107831703214286
21	"WALKING_UPSTAIRS"	0.075071204479661	0.0104783444728814	-0.0161093980491525	-0.425315028427119	-0.546141563050847	-0.755508692881356	-0.524528930338983	-0.479661111440678	-0.451341589513559	-0.561085857966102	-0.731818251864407	-0.449674198864407	-0.561185289152542	-0.777687116440678	-0.439240490949153	-0.552151881186441	-0.635564320338983	-0.464775345694915	-0.502505291525424	-0.0197362196652542	0.0531622169491525
22	"LAYING"	0.0825972511666667	0.012254788451875	-0.00180264895625	-0.98587216875	-0.98317254125	-0.988442014375	-0.987741696041667	-0.98551807625	-0.985813630833333	-0.982768250416667	-0.986197134583333	-0.987250255833333	-0.984987392916667	-0.989345368541667	0.159808328563875	0.1212064240125	0.190558218145833	-0.985374114791667	-0.984568489166667	0.3417585745	-0.00635557646875
22	"SITTING"	0.0722564387173913	0.0116954511323913	0.00760546929869565	-0.988055854130435	-0.977983955434783	-0.98751821173913	-0.986774713043478	-0.984475868043478	-0.987848793695652	-0.977139702826087	-0.985129050217391	-0.989459107391304	-0.980804228478261	-0.988570804130435	0.305546818084783	0.0262448647134783	0.0929030630369565	-0.983874698913043	-0.984124185869565	0.280062423956522	-0.00339286689565217
22	"STANDING"	0.0747588597592593	0.0103291774794444	-0.00837158846722222	-0.981085715555556	-0.97105943962963	-0.982841446481482	-0.980489077407407	-0.976675280185185	-0.980973241666667	-0.970851337962963	-0.979775152037037	-0.983007923703704	-0.973520241111111	-0.984599905185185	0.331449281481482	-0.0569368291814815	0.0396498183462963	-0.977065295555556	-0.97516046	0.304871865218519	0.0411822244577778
22	"WALKING"	0.0618080696279661	0.0182492679288136	0.00789533706610169	-0.277530462620339	-0.0166022362847458	-0.586090418983051	-0.281424153881356	-0.164150985127119	-0.304615322881356	-0.0787640836610169	-0.554956709661017	-0.31431306340678	-0.0153329520084746	-0.615898188474576	-0.0727101584479661	-0.263574018186441	-0.254846438755932	-0.169064352813559	-0.164091969449153	0.20750092670339	0.0534005800847458
22	"WALKING_DOWNSTAIRS"	0.121825029832041	-0.00974833690408163	-0.0216495682346939	0.139151912942857	0.12715662402449	-0.341664036326531	-0.000583153316326532	0.228417648387755	0.13269366484898	0.0956278935061224	-0.271334141265306	0.0393348017693878	0.0823134484693878	-0.411792118163265	-0.146130224693878	-0.359736681673469	-0.22539097877551	0.221834837961224	0.225332624071429	0.0076688557877551	-0.0321339937755102
22	"WALKING_UPSTAIRS"	0.0574074385792308	-0.0137574654646154	0.0268266153692308	-0.357977611123077	-0.342519146410769	-0.622374941230769	-0.413863641538462	-0.333776760875385	-0.358113980953846	-0.348203838556923	-0.581621364307692	-0.418280866307692	-0.3841950776	-0.662458636153846	-0.220492808830769	-0.366850039538462	-0.461930936769231	-0.314402451523077	-0.364633321895385	-0.0550862940846154	0.0570995452107692
23	"LAYING"	0.0934494217777778	0.00693313213968519	-0.00641054328740741	-0.978302781111111	-0.942209488333333	-0.978511984259259	-0.970095771666667	-0.960786430740741	-0.978542457407407	-0.943969987222222	-0.975383329444444	-0.980079292592593	-0.944366881666667	-0.980261236296296	0.182436483157407	0.0987428836296296	0.0770211165	-0.96228712537037	-0.958037119259259	0.274027349574074	-0.0155037568068519
23	"SITTING"	0.0785897076428571	-0.00699030318671429	-0.011360381659	-0.979413509142857	-0.954214655	-0.979361426571429	-0.973623988142857	-0.967971983857143	-0.979492254	-0.953905077142857	-0.975604750571429	-0.981227297285714	-0.958161733857143	-0.981872479857143	0.205223664731571	-0.0831333792585714	-0.0192080161814286	-0.967558566714286	-0.967520216	0.253522955101	-0.0167626803355714
23	"STANDING"	0.0737658353871795	-0.00152622314760256	-0.0164509155585897	-0.973194388076923	-0.949074251025641	-0.974303242692308	-0.967356236153846	-0.96235358025641	-0.973140440128205	-0.948316589230769	-0.970288181923077	-0.975921174230769	-0.95399239051282	-0.977028818333333	0.180593602448718	-0.101281033642308	0.0258765811012821	-0.960953692948718	-0.963328142051282	0.193501884973077	-0.00766883810128205
23	"WALKING"	0.0783529082183333	0.00295602428666667	-0.000767679338333334	-0.297042612533333	-0.221165131581667	-0.7513913825	-0.366700879833333	-0.316918956	-0.358883413666667	-0.279553391533333	-0.728991595666667	-0.29732607245	-0.2099000063	-0.772359087333333	-0.1352803947515	-0.385880862833333	-0.325737503675	-0.318587811	-0.320458701	0.111486484954333	0.00092110448333333
23	"WALKING_DOWNSTAIRS"	0.0971862748866667	0.00563780215111111	-0.00729137766444444	-0.145759708684667	-0.146242294857778	-0.626646986888889	-0.228851413747333	-0.216858921977778	-0.16163290774	-0.172941628735556	-0.583917371333333	-0.208250062317778	-0.177202094317778	-0.668867334444444	-0.179115175957778	-0.181293185048889	-0.169702261222222	-0.175295286557778	-0.280426776955556	0.0926236938266667	-0.0525297218666667
23	"WALKING_UPSTAIRS"	0.0621574228323077	0.0190243211095385	0.00593617537076923	-0.345949420738462	-0.242824063736923	-0.711447790153846	-0.377380797692308	-0.381340425430769	-0.368975686230769	-0.252202764040923	-0.671577424461538	-0.382743570307692	-0.287547451184615	-0.751570130307692	-0.307193791061538	-0.363224679430769	-0.321223078446154	-0.342180438496923	-0.440516833184615	0.0547369532938462	-0.0228132594307692
24	"LAYING"	0.0763230100740741	0.0110500999577778	-0.00287573531901235	-0.982807872716049	-0.972432500987654	-0.979483172469136	-0.980957770987654	-0.975367966049383	-0.982503803827161	-0.972302815802469	-0.975998584938272	-0.984786441111111	-0.974671279753086	-0.981678509259259	0.11272195181037	0.0209953073753086	0.00621782954074074	-0.975343631481482	-0.974305682222222	0.281967956438272	-0.0183315668703704
24	"SITTING"	0.0752598975666667	-0.00380546929755555	-0.00875589671804444	-0.988035842555556	-0.977451839555556	-0.983604442666667	-0.985170954111111	-0.981267518111111	-0.988045846555556	-0.977519726444444	-0.981309806	-0.989115694777778	-0.979046114777778	-0.984451024777778	0.220166868144633	-0.0260610365555556	0.0131063529966667	-0.981892890777778	-0.979337305777778	0.244521460523333	0.00322893990333334
24	"STANDING"	0.0740650807121212	0.00805487307590909	-0.00872039916242424	-0.990164682121212	-0.979315456515152	-0.987819023030303	-0.987249591969697	-0.986424746818182	-0.990075398939394	-0.979438711212121	-0.985727099393939	-0.991181072424242	-0.980717046363636	-0.988519224545454	0.317988204893939	-0.00967454672439394	0.0977779359924242	-0.985594537272727	-0.986400689090909	0.367359370160606	0.034286630345303
24	"WALKING"	0.0897770721666667	0.00890588563518519	0.000658706162574074	-0.373217585	-0.0319265467387037	-0.686268420555556	-0.320129322962963	-0.310071425166667	-0.39082198537037	-0.0669378062222222	-0.648905254074074	-0.411500068148148	-0.0606839140548148	-0.723051140740741	-0.292088318740741	-0.330560047666667	-0.186832027011111	-0.289753952407407	-0.342411927851852	0.0164170631888889	-0.0788266042777778
24	"WALKING_DOWNSTAIRS"	0.0711457160166667	0.01511589985	-0.0100212901547619	0.134593836190476	0.0158059210738095	-0.404005582309524	-0.0372666071540476	0.159631710516667	0.0619687485333333	-0.0269769415214286	-0.345376541261905	0.108062740547619	-0.00722860241119048	-0.461599141904762	-0.377130942619048	-0.386323443795238	-0.117402352561905	0.158413334683333	0.1505077506	-0.0799656144309524	0.0167093419811905
24	"WALKING_UPSTAIRS"	0.07297243298125	-0.00417361847916667	-0.00525879898958333	-0.186944664541667	-0.311861356875	-0.748809454166667	-0.316050382083333	-0.313363553125	-0.2370530733125	-0.338102216666667	-0.714554172708333	-0.207231605488542	-0.330391429583333	-0.783004506458333	-0.439499582708333	-0.468496864166667	-0.313514801541667	-0.261956679958333	-0.391313399375	0.10096009774375	-0.0221758428125
25	"LAYING"	0.0839615800777778	0.015950374121358	0.00105421927740741	-0.971263559753086	-0.966987451234568	-0.963033504814815	-0.968438029382716	-0.95924613308642	-0.971135852592593	-0.967365014444444	-0.959520729012346	-0.97415248382716	-0.969082192345679	-0.965154471111111	0.00265312909135802	-0.107924513579012	0.00870460490617284	-0.959223467777778	-0.958431925185185	0.193939422709383	-0.0327813631765432
25	"SITTING"	0.0766535802351852	0.00300627957592593	-0.00447025411648148	-0.968691062777778	-0.960472881296296	-0.967902144444444	-0.969413677222222	-0.956965027407407	-0.969639870555556	-0.961678411851852	-0.964254587777778	-0.970579597777778	-0.962027094259259	-0.970233316481481	0.0555978151481481	-0.197334786064815	-0.12751435582037	-0.958715291111111	-0.95384761	0.152638110722222	0.0110003739203704
25	"STANDING"	0.0789645403548387	0.0131281319359677	-0.00542295917016129	-0.962302251935484	-0.941770656290323	-0.970506745322581	-0.961812905806452	-0.949717344193548	-0.962552388548387	-0.941819116774194	-0.966207839516129	-0.965663482419355	-0.946287143548387	-0.973537451129032	0.152804234596774	-0.197269178467742	-0.0574483556451613	-0.94907294483871	-0.950026657258065	0.178339197195161	0.0237953553504839
25	"WALKING"	0.0746478437151899	0.0104602090264557	-0.00607707869746836	-0.181614433318987	-0.0959638726582279	-0.446704739493671	-0.173874097567203	-0.200698225087342	-0.265510505444304	-0.171964218291139	-0.424817150126582	-0.170471655177975	-0.0760374863924051	-0.467476417974684	-0.327829559643038	-0.29739416186076	-0.222558078240506	-0.20766085278481	-0.198283818165443	0.095955960821519	0.020646790956962
25	"WALKING_DOWNSTAIRS"	0.122044644262295	-0.012121013704918	0.0036673843442623	0.0790772611032787	-0.218497614491639	-0.313587621688525	-0.0819410708098361	0.0720172366262295	0.0117024790885246	-0.228096867168852	-0.243142256873771	0.0503836780393443	-0.264697018811475	-0.384000421147541	-0.361381989163934	-0.271118337475574	-0.165873189785246	0.0608286815590164	0.0745686271655738	-0.0278204342983607	-0.0744826624360656
25	"WALKING_UPSTAIRS"	0.0637005557944444	0.01608514825	-0.005510947595	-0.284140017888889	-0.440002327777778	-0.646689070833333	-0.379501041736111	-0.373385828066667	-0.334255686263889	-0.468101442166667	-0.607568259722222	-0.298335710838056	-0.447412843744444	-0.685178060277778	-0.370031177402778	-0.477548654305556	-0.442044296930556	-0.331350325444444	-0.436622174722222	0.0727790460951389	0.00338234697222222
26	"LAYING"	0.0805727643563218	0.00760107067241379	-0.0032722381722069	-0.970640060229885	-0.962232276666667	-0.97451785954023	-0.971695107701149	-0.964661646781609	-0.970811672528736	-0.963071794712644	-0.971420824827586	-0.973211124252874	-0.964014583678161	-0.97619344908046	0.0388999170017241	-0.013816523083908	0.0515836052466667	-0.964854925977012	-0.963365839195402	0.165619331057471	0.0258901981298851
26	"SITTING"	0.0771939039506173	0.0160536475553086	-0.00467546393962963	-0.980246298765432	-0.969572941604938	-0.981790057901235	-0.978891013580247	-0.976465309876543	-0.98093088654321	-0.969868387901235	-0.978669246790123	-0.981325975802469	-0.971530488765432	-0.983607478024691	0.14560297954	-0.0905377887998765	-0.013486112391358	-0.97622167037037	-0.975700205308642	0.256743902018518	-0.00529461441851852
26	"STANDING"	0.0744750238030303	0.0100624749133333	-0.00717051592151515	-0.974095528636364	-0.955566074242424	-0.976851182121212	-0.970524553181818	-0.965064183787879	-0.973673700606061	-0.955615634090909	-0.972649417727273	-0.977023300454545	-0.958901459848485	-0.97983338	0.240036697575758	-0.155671693151515	0.0106705135939394	-0.963289408939394	-0.966481939848485	0.20604972230303	0.025561872469697
26	"WALKING"	0.0850621655539683	0.00475963529809524	-0.00280089390793651	-0.0328716002190476	-0.117485191070476	-0.485731569206349	-0.160382310460317	-0.0261596646285714	-0.0996561886936508	-0.162562015945714	-0.449734096349206	-0.0500163042793651	-0.128378347137302	-0.520707324603175	-0.296533962031746	-0.191642752719206	-0.092426632	-0.0420354064	-0.0134101729888889	-0.0587782339952381	-0.0479258602857143
26	"WALKING_DOWNSTAIRS"	0.096940381225	-0.00189866125454546	-0.00315953444090909	0.0341969090227273	-0.176583716327273	-0.450868143181818	-0.124792740753636	-0.00670076421363636	0.00684288585477272	-0.198172076084091	-0.389354966590909	-0.0310602599318182	-0.211861121397727	-0.512158729545454	-0.249535100113636	-0.2860936585	-0.178634817806818	0.0164995754318182	-0.0473132077568182	0.07584551479	-0.0144904371840909
26	"WALKING_UPSTAIRS"	0.0730384446686275	-0.00359787394117647	-0.0452205725647059	-0.287467916294118	-0.349281517470588	-0.617329624509804	-0.377704748235294	-0.298735874901961	-0.302094000601961	-0.365260192490196	-0.572015697843137	-0.337437645098039	-0.377934391529412	-0.662742440588235	-0.223452471431373	-0.358177247627451	-0.371122833352941	-0.264190517156863	-0.352192920784314	0.1441591209	0.0260487980196078
27	"LAYING"	0.0767774832096774	0.0183441894580645	-0.00988389709596774	-0.98541995	-0.980152342903226	-0.983070657419355	-0.985467853870968	-0.980066243387097	-0.985199684354839	-0.980375137419355	-0.980994601935484	-0.98707817516129	-0.981394261612903	-0.983670049354839	0.169895805430645	0.0656536996983871	0.0584183074479032	-0.980754385967742	-0.978044349516129	0.300750657951613	0.00324191442096774
27	"SITTING"	0.0752865881142857	-0.00112344092891837	-0.0232397245106122	-0.992827264081633	-0.984267557755102	-0.987612090204082	-0.989497838979592	-0.988813098163265	-0.992678212653061	-0.983914101836735	-0.985261204693878	-0.99368217	-0.985908120408163	-0.988612100204082	0.264214260326531	-0.00193284292653061	0.0921106028122449	-0.988348535306122	-0.988332303469388	0.360646362877551	0.0209112877122449
27	"STANDING"	0.0758630962280702	0.00762035230350877	-0.000704979340543859	-0.987636104210526	-0.977704172105263	-0.986926242631579	-0.98680002754386	-0.981865616666667	-0.988198276666667	-0.977752775438597	-0.98460855877193	-0.988185112807018	-0.979412252631579	-0.987871530526316	0.237964693460702	-0.047896000245614	0.106886230594386	-0.981977536491228	-0.980621262631579	0.298745382305263	-0.0235598900684211
27	"WALKING"	0.0550935468775714	0.0194070223257143	0.00857565251	-0.14807803897	0.0473522890458571	-0.421472268571429	-0.122558092091429	-0.0788519917924286	-0.220660931594286	-0.0461186115171429	-0.393625275614286	-0.150077405838571	0.0783202573912857	-0.448365657	-0.197355330885714	-0.416989953857143	-0.192239691477286	-0.0928901658114286	-0.0680522856892857	0.118215867811429	0.0548992590285714
27	"WALKING_DOWNSTAIRS"	0.0769629257156618	-0.00791599472794118	-0.0137409837117647	-0.00434269295588235	1.13526264705926e-05	-0.383279926970588	-0.0785673866117647	0.0407092344485294	-0.0375323507617647	-0.0669668226705882	-0.342201781105882	-0.0598434800678382	0.00582038832352941	-0.423013582794118	-0.298258213132353	-0.458597115882353	-0.205828901392647	0.0594917916661765	0.00793707094911764	0.0414281629529412	0.0376611788676471
27	"WALKING_UPSTAIRS"	0.0729049929742857	0.00731739543142857	-0.000218606648571426	-0.445478158714286	-0.296636114985714	-0.697555769571429	-0.445950327	-0.406374687571429	-0.472132846428571	-0.329920185685714	-0.669685260571429	-0.467474809285714	-0.308613567714286	-0.724382015285714	-0.378454213528571	-0.518029449571429	-0.453177757871429	-0.386011562571429	-0.438811101857143	-0.00721723142285714	0.0290223002314286
28	"LAYING"	0.0749985010769231	0.0117018961415385	-0.00121344813430769	-0.985921071076923	-0.985554339384615	-0.990660246153846	-0.98832154	-0.989526277538462	-0.986404709384615	-0.985865325230769	-0.989116865846154	-0.986641245846154	-0.986210701230769	-0.990744752923077	0.159761097664615	0.0551692814758462	0.166856209441538	-0.988548418307692	-0.989710656769231	0.393635924092308	0.0285001830563077
28	"SITTING"	0.076622889	0.00694560289491228	0.00278757042058246	-0.991624662105263	-0.984002717017544	-0.990153121754386	-0.989869574561404	-0.991159350526316	-0.991924709824561	-0.983642391578947	-0.988689671578947	-0.992039060701754	-0.985694744385965	-0.990141676315789	0.234747570824561	0.00687195409298246	0.0437438879403509	-0.990407075964912	-0.991044297894737	0.459090849721053	0.0111668165140351
28	"STANDING"	0.0753187202839506	0.0103095528684568	-0.00182194543962963	-0.989393931481481	-0.974473189753086	-0.988042297283951	-0.985577554444444	-0.985424936419753	-0.989484673580247	-0.974480819012346	-0.985807690123457	-0.990268978888889	-0.976395394691358	-0.988907935432099	0.211420678333333	-0.183259305446914	0.00836070357407407	-0.984441840864198	-0.985605064814815	0.324629121481481	0.00425969813580247
28	"WALKING"	0.0767524278392857	0.0282745481892857	0.010685091	-0.368056913928571	-0.320158763392857	-0.633325860714286	-0.379269262142857	-0.42541866125	-0.414797154464286	-0.361908549464286	-0.601147246785714	-0.375992795357143	-0.320264113035714	-0.664327149285714	-0.34877438	-0.337293285178571	-0.206330044373214	-0.41403775125	-0.444453486071429	0.0893293589464286	0.0230035141785714
28	"WALKING_DOWNSTAIRS"	0.0809044045254545	-0.000757069449090909	-0.01417699182	-0.387223932363636	-0.447033872545455	-0.651246664909091	-0.466516044	-0.3825173332	-0.412728286727273	-0.465982666363636	-0.622135895090909	-0.416050500909091	-0.464546054727273	-0.678751080363636	-0.334193776218182	-0.430209134836364	-0.313077962145455	-0.3833987134	-0.386565072363636	0.00593003606623636	-0.0321249909363636
28	"WALKING_UPSTAIRS"	0.0784742867073529	0.00919874756176471	0.0043739172	-0.545697261176471	-0.496072446	-0.754131375588235	-0.567187426911765	-0.550814199558823	-0.569501766617647	-0.519823661338235	-0.728656361911765	-0.5623106425	-0.505171177382353	-0.778801630147059	-0.409986463014706	-0.492453288382353	-0.500465847647059	-0.541305653970588	-0.566068979117647	-0.0185226785867647	0.0686879611548529
29	"LAYING"	0.0892716006470588	0.00110822495382353	-0.00309891846569118	-0.984270728235294	-0.977002606764706	-0.984989224117647	-0.984670073823529	-0.980161687058824	-0.983889985147059	-0.9772207075	-0.982876212058823	-0.986213883088235	-0.978451446764706	-0.985707806323529	0.116642082939706	0.0212201874367647	0.0284929205607353	-0.979695458088235	-0.979565196911765	0.262706879425	0.0201551673544118
29	"SITTING"	0.0746568393030303	0.00597430268636364	0.00160134859924242	-0.982078229242424	-0.970896863484848	-0.976522488787879	-0.978774578333333	-0.972537871515151	-0.982243603030303	-0.971158287575758	-0.973211461363636	-0.983565760757576	-0.972776577272727	-0.978458923030303	0.136601130674242	-0.124408290681364	-0.0831229746409091	-0.971730462575758	-0.972597744242424	0.22971324275	0.0217677662666667
29	"STANDING"	0.0765227975538462	0.0120433458461538	-0.00666165821993846	-0.955900569076923	-0.931725634461538	-0.955817812769231	-0.953496956307692	-0.933336387692308	-0.956113693230769	-0.931803453076923	-0.949185702923077	-0.959776190615385	-0.936933191384615	-0.961317378615385	0.0718177397926154	-0.303467365723077	-0.0937549610927692	-0.935151441846154	-0.930677910769231	-0.00598049043384615	0.00215494300138462
29	"WALKING"	0.0841234323137255	-0.0210619558882353	0.00634457223529412	-0.090645041854902	0.244310894098039	-0.387664584313725	-0.0429359302764706	0.0210765716843137	-0.138717234372549	0.157933952294118	-0.34599447627451	-0.122237205541176	0.255614062961569	-0.427690451960784	-0.257051149084314	-0.475080055294118	-0.152723042398039	0.0545269493972549	-0.0310650270227451	0.0864817772705882	0.0302966773176471
29	"WALKING_DOWNSTAIRS"	0.0695031058	0.00436449644888889	-0.00253482149777778	-0.135699627468889	0.289670966711111	-0.381503405466667	-0.0612699838466667	0.0467185842571111	-0.199360430553978	0.20582901724	-0.356220245355556	-0.147278592755556	0.293119526444444	-0.405294896466667	-0.450948560266667	-0.4985269758	-0.480248953555556	0.0137917152644444	0.0790379799133333	-0.112876280435556	0.0429476564444444
29	"WALKING_UPSTAIRS"	0.0872600244938776	0.00695025275918367	-0.0238777222173469	-0.187715731877551	-0.267970620122449	-0.51278453244898	-0.25836270055102	-0.241966049204082	-0.254622747057143	-0.317108600761224	-0.491594353469388	-0.192241883404082	-0.264118277510204	-0.532684063265306	-0.471279281428571	-0.560119541428571	-0.451329265918367	-0.215283573661224	-0.285985809183673	-0.0183651796416327	-0.0594223760204082
30	"LAYING"	0.08072123275	0.0119819524179167	-0.00589225849902778	-0.98636543375	-0.982430495	-0.983087366805556	-0.985529270555556	-0.983605927361111	-0.985998546805556	-0.982140613888889	-0.981549689583333	-0.988140517777778	-0.984124532361111	-0.983185637916667	0.152359886551389	0.0753041126791667	0.0862692032513889	-0.983108084305556	-0.98328511625	0.347309299402778	0.00373768258055556
30	"SITTING"	0.0763318528529412	0.00476702575745588	-0.00113300171426471	-0.988564382205882	-0.979573678088235	-0.984662946764706	-0.985555822352941	-0.985418456176471	-0.988857403235294	-0.979228238382353	-0.981971300147059	-0.9892888075	-0.981550132794118	-0.986008449264706	0.187752123742647	-0.0884463992352941	-0.00446178350882353	-0.984469962941177	-0.98561372	0.353544370380882	-0.00503036659779412
30	"STANDING"	0.0746177416521739	0.0109839689101449	-0.00358774904913043	-0.980573836811594	-0.967745638695652	-0.977716354927536	-0.977620953913043	-0.973108343043478	-0.98116164057971	-0.967720592463768	-0.974170468405797	-0.981721691014493	-0.970228184202899	-0.979936740869565	0.207088443601449	-0.131947804072174	0.081477374984058	-0.972251355217391	-0.973195509565217	0.293291552663768	0.0208373898065217
30	"WALKING"	0.0731938975362069	0.0121254591034483	-0.0116401387758621	-0.485863255344828	-0.302220161206897	-0.491189466034483	-0.399722201034483	-0.409824562586207	-0.509628168793103	-0.352829307068966	-0.469920224310345	-0.507640734482759	-0.294353545672414	-0.511115619482759	-0.253177488803448	-0.439634005689655	-0.400928133965517	-0.418641046896552	-0.40297998362069	0.102850167901724	-0.102713928482759
30	"WALKING_DOWNSTAIRS"	0.0802619828545455	-0.00447316273690909	-0.00846915857363636	-0.337218894	-0.169291887741818	-0.290239376563636	-0.263106944836364	-0.143501970018182	-0.376175794909091	-0.2258243574	-0.250000183381818	-0.355930598	-0.163626807636364	-0.328569968545455	-0.398144618	-0.415305377727273	-0.297520697545455	-0.200830137109091	-0.0827554911536364	-0.00198537142181818	0.00706070274545454
30	"WALKING_UPSTAIRS"	0.0832424557704918	-0.0146522282983607	-0.0141397577296721	-0.486877206393443	-0.501110480081967	-0.524162099344262	-0.47864214147541	-0.432432445245902	-0.508373660819672	-0.516566311147541	-0.48463107557377	-0.511818949131148	-0.519317748081967	-0.562174893606557	-0.398515358098361	-0.50494490852459	-0.424612912786885	-0.42254207295082	-0.449325685081967	0.00535711531803279	-0.00729968074262295
